15636
3197
7807
18731
14317
20085
1072
29926
10606
365
23335
30967
17058
15986
25010
865
4126
23480
19432
28333
11148
30542
21831
12381
19508
477
24202
23741
14146
21591
21817
20564
15199
29181
8123
25744
26861
12949
25373
13164
7633
1562
16728
6188
5471
13571
5878
1018
16421
24524
22269
1014
19068
17231
3934
361
8811
15674
21335
2939
15960
11391
24171
23896
27559
14300
21681
17336
29638
21508
30871
6822
10613
16540
24046
27827
29305
30219
24100
7392
28443
5239
7213
31900
3116
23657
9046
2086
30636
23493
4071
8305
2335
26397
14749
10557
2631
15814
15008
29533
1684
30542
17780
19888
1758
5802
4827
1482
10320
10219
16377
7162
21791
6210
10463
22433
11133
8222
9786
26253
26192
6806
29558
30379
22673
7841
4167
21761
26992
14565
18145
797
5049
27709
13519
8570
3914
22626
16131
27186
1983
15007
16758
11958
22850
14012
8986
12545
19741
26954
7061
21418
25309
8316
27816
13787
30956
25378
23163
27751
552
15917
10482
17363
24486
9097
9085
6813
30025
16389
7869
10258
29556
29367
21823
21688
6241
3157
24204
25384
5639
25593
11158
10993
29679
17477
25555
18291
14071
1892
28863
15136
23782
8894
6311
13395
2781
31877
18491
17042
21915
22045
26189
4805
25260
19870
29195
2416
28352
12688
15998
2261
1558
16191
954
20913
30917
10281
24085
25238
15405
21877
5607
8327
11824
31413
17428
19008
25215
18101
12980
2525
14003
17229
11610
19327
15421
9790
32440
15453
15919
21335
9546
26023
4758
250
24987
22058
12613
1260
16875
22439
24079
31917
25582
24698
3625
23209
27581
29662
13916
7848
20524
10277
27333
19961
17637
26420
19626
296
2305
30752
21700
16388
587
21794
28539
4381
18300
28948
8180
27491
23283
17119
5294
24303
21655
12267
19157
9136
17322
28254
222
3251
27557
27989
13336
13395
22759
25844
8522
8587
31731
17081
17796
4148
7249
21875
16117
7242
4277
5648
6426
10854
26683
18431
30814
501
21808
29435
23033
3634
19293
4872
19861
11590
7370
15733
3312
15638
14790
11623
25700
1687
27657
2150
11364
1779
29501
18624
24505
11666
9828
19269
25331
26069
9209
28233
12075
24800
28200
19975
29251
15440
21411
5310
27691
7504
11369
20905
26627
25406
20403
4597
6597
6291
32364
17089
25340
15890
22883
6283
32066
20705
5537
21679
561
8315
4545
25766
6181
18094
5257
20318
32288
1633
6513
32101
17455
6085
13145
25541
30176
7336
9912
14388
5920
28787
14608
31649
18086
1675
25678
3987
19252
1028
30348
14012
16844
2235
23973
15421
715
4285
3619
25394
2755
25023
32090
15749
2177
27864
9884
9121
27419
2527
25705
23082
11128
11708
14440
22856
23417
10779
6546
4522
2804
21979
28183
31126
7337
26394
12214
30629
10567
12981
15491
3586
22495
5362
27332
8718
30199
2259
12359
16165
29479
16466
7636
4774
2666
30606
21534
20084
30053
4107
6329
21298
7276
19016
26144
5130
17863
20917
8149
10562
31818
3979
6536
22525
21146
12745
21132
15386
27862
31421
15453
12689
30561
14493
3138
30863
7100
7720
12192
21191
19052
10037
20827
23800
